A:
0051
5110
0515
B:
0001
0171
7175
0010
0515
1510
 :
S:
0111
0105
0515
1510
1000
C:
0010
0001
0111
O:
0001
0010
0111
1110
R:
0001
0111
1115
1505
0510
E:
0010
0001
0555
0111
::
3836
3432
1:
0751
5150
0010
2:
0751
5117
1700
0010
3:
0751
5117
1755
5513
1350
5003
4:
7077
2521
2595
5:
1101
0107
0767
6713
1350
5003
6:
1101
0100
0010
1015
1505
7:
0111
1100
8:
0011
1101
0110
1000
9:
1011
1101
0105
0515
0:
2090
9091
9121
2120
I:
0010
5051
0111
N:
0001
0110
1011
K:
0001
0511
0510
L:
0001
0010
X:
0110
0011
T:
0111
5150
G:
0001
0181
8187
0080
8084
6414
Y:
0157
5711
5057
